15 0 30 0 0 0
30 0 100 30 0 0.5
20 30 30 40 0 0
50 0 60 0 0 0.5
90 200 200 20 20 0
40 0 0 0 80 0
60 0 0 50 30 0
180 50 100 50 50 0
240 350 0 0 0 0
90 0 50 0 30 0.5
300 0 0 0 250 0
480 50 250 200 50 0
240 240 300 0 0 0.33
360 0 240 200 0 0.5
720 0 0 300 400 0
900 500 500 200 200 0
45 70 70 50 0 0
300 0 0 300 100 0.5
360 400 0 50 30 0
120 0 0 150 0 0
140 320 270 0 0 0
180 0 10 0 0 0
240 0 20 0 100 0
500 500 0 0 150 0
2400 900 0 500 0 0
4800 0 0 0 900 0.375
1200 0 0 800 0 0
1500 0 0 900 350 0
1440 0 0 0 100 0
2880 0 0 0 100 0
120 0 30 0 0 0
1440 50 50 50 50 0
15 0 0 0 0 0
30 0 0 0 0 0
420 0 0 240 280 0
540 480 0 200 200 0
165 0 380 270 0 0
175 420 0 200 0 0
1800 0 0 300 0 0.33
410 300 300 0 100 0
25 45 45 0 0 0
55 70 40 0 10 0
135 120 0 60 60 0.5
35 0 0 10 30 0